CPOutX=-1528.322631
CPOutY=-146.044464
CPOutZ=14.170312
HouseName=[àê_47]ruslan
HouseOwner=ruslan
HousePassword=227934777
HouseCreator=LOD
HouseValue=41077485
HouseStorage=24000000
SpawnOutX=-1526.608398
SpawnOutY=-147.864166
SpawnOutZ=14.170312
SpawnOutAngle=223.000000
SpawnWorld=0
SpawnInterior=0
HouseInterior=10
HouseInteriorValue=25000000
HouseInteriorName=Madd Dogg's Mansion
