CPOutX=-1607.734619
CPOutY=-290.245391
CPOutZ=14.336875
HouseName=Diego_Morello's House
HouseOwner=Diego_Morello
HousePassword=99418484
HouseCreator=LOD
HouseValue=8740745
HouseStorage=10000000
SpawnOutX=-1609.440795
SpawnOutY=-288.418151
SpawnOutZ=14.336875
SpawnOutAngle=403.000000
SpawnWorld=0
SpawnInterior=0
HouseInterior=9
HouseInteriorValue=10000000
HouseInteriorName=Madd Dogg's Mansion
HCarModel=560
QuitInHouse=0
