CPOutX=-1706.420532
CPOutY=-286.666290
CPOutZ=14.148437
HouseName=Vlad_Skor's House
HouseOwner=Vlad_Skor
HousePassword=INVALID_HOUSE_PASSWORD
HouseCreator=LOD
HouseValue=9097613
HouseStorage=1616107
SpawnOutX=-1707.723876
SpawnOutY=-284.532897
SpawnOutZ=14.148437
SpawnOutAngle=391.000000
SpawnWorld=0
SpawnInterior=0
HouseInterior=5
HouseInteriorValue=2500000
HouseInteriorName=Gang House
HCarPosX=-1706.747192
HCarPosY=-281.715118
HCarPosZ=13.749584
HCarAngle=187.019760
HCar=1
HCarWorld=0
HCarInt=0
HCarModel=562
QuitInHouse=0
