CPOutX=-1703.702392
CPOutY=-285.387451
CPOutZ=14.148437
HouseName=Ruslan_Zit's House
HouseOwner=Ruslan_Zit
HousePassword=INVALID_HOUSE_PASSWORD
HouseCreator=LOD
HouseValue=9097613
HouseStorage=241598
SpawnOutX=-1705.063598
SpawnOutY=-283.290496
SpawnOutZ=14.148437
SpawnOutAngle=393.000000
SpawnWorld=0
SpawnInterior=0
HouseInterior=5
HouseInteriorValue=2500000
HouseInteriorName=Gang House
HCarPosX=-1722.349731
HCarPosY=-247.154479
HCarPosZ=13.873963
HCarAngle=253.485168
HCar=1
HCarWorld=0
HCarInt=0
HCarModel=411
QuitInHouse=0
