CPOutX=-1489.785034
CPOutY=-154.522659
CPOutZ=14.196874
HouseName=íå âõîäèòü
HouseOwner=alex558
HousePassword=35520733
HouseCreator=LOD
HouseValue=51645411
HouseStorage=0
SpawnOutX=-1491.682861
SpawnOutY=-152.895370
SpawnOutZ=14.196874
SpawnOutAngle=409.000000
SpawnWorld=0
SpawnInterior=0
HouseInterior=10
HouseInteriorValue=25000000
HouseInteriorName=Mad Dogg's Mansion
