CPOutX=-320.550964
CPOutY=799.701293
CPOutZ=16.201417
HouseName=og_loc's House
HouseOwner=og_loc
HousePassword=893846750
HouseCreator=LOD
HouseValue=1276003
HouseStorage=0
SpawnOutX=-320.669219
SpawnOutY=802.198486
SpawnOutZ=16.201417
SpawnOutAngle=363.000000
SpawnWorld=0
SpawnInterior=0
HouseInterior=1
HouseInteriorValue=100000
HouseInteriorName=Shitty Shack
