CPOutX=67.718811
CPOutY=2540.666503
CPOutZ=16.579999
HouseName=bublik's House
HouseOwner=bublik
HousePassword=152961502
HouseCreator=LOD
HouseValue=12411853
HouseStorage=0
SpawnOutX=67.695121
SpawnOutY=2538.166503
SpawnOutZ=16.579999
SpawnOutAngle=539.000000
SpawnWorld=0
SpawnInterior=0
HouseInterior=7
HouseInteriorValue=5000000
HouseInteriorName=Gang House
QuitInHouse=0
