CPOutX=98.121803
CPOutY=2540.586425
CPOutZ=16.637195
HouseName=Æåí¸ê+Àëèíêà=  <3
HouseOwner=[Evil_Empire]_Docker
HousePassword=153747934
HouseCreator=LOD
HouseValue=12411855
HouseStorage=24999999
SpawnOutX=98.262077
SpawnOutY=2538.090332
SpawnOutZ=16.637195
SpawnOutAngle=183.000000
SpawnWorld=0
SpawnInterior=0
HouseInterior=10
HouseInteriorValue=25000000
HouseInteriorName=Gang House
HCarPosX=102.473541
HCarPosY=2538.071289
HCarPosZ=16.302347
HCarAngle=0.234089
HCar=1
HCarWorld=0
HCarInt=0
HCarModel=411
