CPOutX=128.165359
CPOutY=2540.643798
CPOutZ=16.623584
HouseName=antonio_banderas's House
HouseOwner=antonio_banderas
HousePassword=31719617
HouseCreator=LOD
HouseValue=9348386
HouseStorage=0
SpawnOutX=128.196319
SpawnOutY=2538.144042
SpawnOutZ=16.623584
SpawnOutAngle=181.000000
SpawnWorld=0
SpawnInterior=0
HouseInterior=10
HouseInteriorValue=25000000
HouseInteriorName=Gang House
