CPOutX=158.395568
CPOutY=2540.614990
CPOutZ=16.615583
HouseName=copper's House
HouseOwner=copper
HousePassword=119407001
HouseCreator=LOD
HouseValue=9348387
HouseStorage=2268124
SpawnOutX=158.194335
SpawnOutY=2538.123046
SpawnOutZ=16.615583
SpawnOutAngle=535.000000
SpawnWorld=0
SpawnInterior=0
HouseInterior=5
HouseInteriorValue=2500000
HouseInteriorName=Gang House
QuitInHouse=0
