CPOutX=-1517.911376
CPOutY=-97.851516
CPOutZ=14.700496
HouseName=Vova_vova's House
HouseOwner=Vova_vova
HousePassword=73138492
HouseCreator=LOD
HouseValue=8890396
HouseStorage=0
SpawnOutX=-1516.167480
SpawnOutY=-99.642845
SpawnOutZ=14.700496
SpawnOutAngle=224.000000
SpawnWorld=0
SpawnInterior=0
HouseInterior=10
QuitInHouse=0
HouseInteriorValue=25000000
