CPOutX=187.990921
CPOutY=2540.787353
CPOutZ=16.635812
HouseName=5188715
HouseOwner=Robert_Pattison
HousePassword=INVALID_HOUSE_PASSWORD
HouseCreator=LOD
HouseValue=9348387
HouseStorage=19043047
SpawnOutX=188.240234
SpawnOutY=2538.299804
SpawnOutZ=16.635812
SpawnOutAngle=186.000000
SpawnWorld=0
SpawnInterior=0
HouseInterior=10
HouseInteriorValue=25000000
HouseInteriorName=Gang House
QuitInHouse=0
