CPOutX=176.131576
CPOutY=2500.555419
CPOutZ=16.779561
HouseName=Dima_Marfin's House
HouseOwner=Dima_Marfin
HousePassword=277480176
HouseCreator=LOD
HouseValue=4480663
HouseStorage=24999998
SpawnOutX=176.421661
SpawnOutY=2498.072265
SpawnOutZ=16.779561
SpawnOutAngle=187.000000
SpawnWorld=0
SpawnInterior=0
HouseInterior=6
HouseInteriorValue=3000000
HouseInteriorName=Hotel Room 1
QuitInHouse=0
