CPOutX=154.513122
CPOutY=2509.484130
CPOutZ=16.528236
HouseName=Miha_Super_House
HouseOwner=Miha_Vip
HousePassword=172491330
HouseCreator=LOD
HouseValue=7898454
HouseStorage=20000000
SpawnOutX=154.937576
SpawnOutY=2511.947753
SpawnOutZ=16.528236
SpawnOutAngle=350.000000
SpawnWorld=0
SpawnInterior=0
HouseInterior=10
HouseInteriorValue=25000000
HouseInteriorName=Hotel Room 1
