CPOutX=132.457015
CPOutY=2509.989257
CPOutZ=16.536975
HouseName=Bogdan_Buchilin's House
HouseOwner=Bogdan_Buchilin
HousePassword=32374981
HouseCreator=LOD
HouseValue=4480664
HouseStorage=10000000
SpawnOutX=132.419723
SpawnOutY=2512.489013
SpawnOutZ=16.536975
SpawnOutAngle=361.000000
SpawnWorld=0
SpawnInterior=0
HouseInterior=9
HouseInteriorValue=10000000
HouseInteriorName=Hotel Room 1
