CPOutX=113.425720
CPOutY=2501.027099
CPOutZ=16.779561
HouseName=John_Carls's House
HouseOwner=John_Carls
HousePassword=229966407
HouseCreator=LOD
HouseValue=3374753
HouseStorage=0
SpawnOutX=113.797111
SpawnOutY=2498.554931
SpawnOutZ=16.779561
SpawnOutAngle=189.000000
SpawnWorld=0
SpawnInterior=0
HouseInterior=10
HouseInteriorValue=25000000
HouseInteriorName=Hotel Room 1
QuitInHouse=0
