CPOutX=112.977424
CPOutY=2510.161376
CPOutZ=16.579999
HouseName=KRISTINA's House
HouseOwner=KRISTINA
HousePassword=32506054
HouseCreator=LOD
HouseValue=5948976
HouseStorage=0
SpawnOutX=113.266578
SpawnOutY=2512.644531
SpawnOutZ=16.579999
SpawnOutAngle=353.000000
SpawnWorld=0
SpawnInterior=0
HouseInterior=10
HouseInteriorValue=25000000
HouseInteriorName=Hotel Room 1
QuitInHouse=0
