CPOutX=-1276.752929
CPOutY=-124.646423
CPOutZ=14.186874
HouseName==KoT=
HouseOwner==KoT=
HousePassword=72614209
HouseCreator=LOD
HouseValue=14075249
HouseStorage=0
SpawnOutX=-1278.405639
SpawnOutY=-126.522193
SpawnOutZ=14.186874
SpawnOutAngle=499.000000
SpawnWorld=0
SpawnInterior=0
HouseInterior=7
HouseInteriorValue=5000000
HouseInteriorName=Gang House
QuitInHouse=0
HCarPosX=-1275.919799
HCarPosY=-131.745574
HCarPosZ=13.917770
HCarAngle=312.821746
HCar=1
HCarWorld=0
HCarInt=0
HCarModel=560
