CPOutX=-1185.292724
CPOutY=-1217.681518
CPOutZ=140.295730
HouseName=vika's House
HouseOwner=vika
HousePassword=32506055
HouseCreator=LOD
HouseValue=27259816
HouseStorage=0
SpawnOutX=-1185.187255
SpawnOutY=-1220.179321
SpawnOutZ=140.295730
SpawnOutAngle=182.000000
SpawnWorld=0
SpawnInterior=0
HouseInterior=8
HouseInteriorValue=7500000
HouseInteriorName=Rich Mansion
