CPOutX=-1177.419921
CPOutY=-1183.651733
CPOutZ=139.975723
HouseName=GORONIM's House
HouseOwner=GORONIM
HousePassword=151651236
HouseCreator=LOD
HouseValue=27259816
HouseStorage=0
SpawnOutX=-1174.925781
SpawnOutY=-1183.481201
SpawnOutZ=139.975723
SpawnOutAngle=274.000000
SpawnWorld=0
SpawnInterior=0
HouseInterior=10
HouseInteriorValue=25000000
HouseInteriorName=Rich Mansion
QuitInHouse=0
