CPOutX=-1199.122802
CPOutY=-1217.640380
CPOutZ=140.295730
HouseName=[Army]alex558's House
HouseOwner=[Army]alex558
HousePassword=35520733
HouseCreator=LOD
HouseValue=24033865
HouseStorage=0
SpawnOutX=-1199.234985
SpawnOutY=-1220.137817
SpawnOutZ=140.295730
SpawnOutAngle=537.000000
SpawnWorld=0
SpawnInterior=0
HouseInterior=8
HouseInteriorValue=7500000
HouseInteriorName=Rich Mansion
