CPOutX=-1171.982299
CPOutY=-1217.651000
CPOutZ=140.295730
HouseName=[Navi]Gleb_Vorgin's House
HouseOwner=[Navi]Gleb_Vorgin
HousePassword=33358028
HouseCreator=LOD
HouseValue=18101878
HouseStorage=0
SpawnOutX=-1172.366455
SpawnOutY=-1220.121337
SpawnOutZ=140.295730
SpawnOutAngle=531.000000
SpawnWorld=0
SpawnInterior=0
HouseInterior=8
HouseInteriorValue=7500000
HouseInteriorName=Rich Mansion
