CPOutX=-1158.350708
CPOutY=-1217.679443
CPOutZ=140.295730
HouseName=FF_boomb
HouseOwner=FF_boomb
HousePassword=183632502
HouseCreator=LOD
HouseValue=18101878
HouseStorage=0
SpawnOutX=-1158.339965
SpawnOutY=-1220.179443
SpawnOutZ=140.295730
SpawnOutAngle=180.000000
SpawnWorld=0
SpawnInterior=0
HouseInterior=1
HouseInteriorValue=7500000
HouseInteriorName=Rich Mansion
