CPOutX=-1144.222167
CPOutY=-1217.714111
CPOutZ=140.295730
HouseName=ìàëþòêà
HouseOwner=Alinka
HousePassword=33292491
HouseCreator=LOD
HouseValue=18101878
HouseStorage=0
SpawnOutX=-1143.925048
SpawnOutY=-1220.196411
SpawnOutZ=140.295730
SpawnOutAngle=187.000000
SpawnWorld=0
SpawnInterior=0
HouseInterior=10
HouseInteriorValue=25000000
HouseInteriorName=Rich Mansion
QuitInHouse=0
