CPOutX=-1130.630859
CPOutY=-1217.713867
CPOutZ=140.295730
HouseName=Paul's House
HouseOwner=Paul
HousePassword=94306673
HouseCreator=LOD
HouseValue=10268899
HouseStorage=10000000
SpawnOutX=-1130.606445
SpawnOutY=-1220.213745
SpawnOutZ=140.295730
SpawnOutAngle=181.000000
SpawnWorld=0
SpawnInterior=0
HouseInterior=10
HouseInteriorValue=25000000
HouseInteriorName=Madd Dogg's Mansion
QuitInHouse=0
