CPOutX=-1125.195800
CPOutY=-1185.693725
CPOutZ=129.718750
HouseName=Õàòà âëàäêà
HouseOwner=Vlad_Denisov
HousePassword=285410034
HouseCreator=LOD
HouseValue=10861133
HouseStorage=100000
SpawnOutX=-1125.253417
SpawnOutY=-1188.193115
SpawnOutZ=129.718750
SpawnOutAngle=539.000000
SpawnWorld=0
SpawnInterior=0
HouseInterior=10
HouseInteriorValue=25000000
HouseInteriorName=Madd Dogg's Mansion
