CPOutX=-1255.294799
CPOutY=-145.984466
CPOutZ=14.186874
HouseName=[Drakon] House
HouseOwner=[Drakon]=Valya=
HousePassword=52429066
HouseCreator=LOD
HouseValue=7690229
HouseStorage=0
SpawnOutX=-1256.947509
SpawnOutY=-147.860244
SpawnOutZ=14.186874
SpawnOutAngle=499.000000
SpawnWorld=0
SpawnInterior=0
HouseInterior=10
HouseInteriorValue=25000000
HouseInteriorName=Huge Mansion
