CPOutX=-1141.969604
CPOutY=-1185.103515
CPOutZ=129.698745
HouseName=õàòà GuGGi
HouseOwner=Mikle_Romanenkov
HousePassword=120652190
HouseCreator=LOD
HouseValue=14420325
HouseStorage=0
SpawnOutX=-1141.577636
SpawnOutY=-1187.572631
SpawnOutZ=129.698745
SpawnOutAngle=189.000000
SpawnWorld=0
SpawnInterior=0
HouseInterior=9
HouseInteriorValue=10000000
HouseInteriorName=Normal House
