CPOutX=-1167.674438
CPOutY=-1185.186523
CPOutZ=129.698745
HouseName=Vlad_197's House
HouseOwner=Vlad_197
HousePassword=68092252
HouseCreator=LOD
HouseValue=14420324
HouseStorage=0
SpawnOutX=-1167.650024
SpawnOutY=-1187.686401
SpawnOutZ=129.698745
SpawnOutAngle=181.000000
SpawnWorld=0
SpawnInterior=0
HouseInterior=6
HouseInteriorValue=3000000
HouseInteriorName=Normal House
