CPOutX=-1102.877075
CPOutY=-1195.628662
CPOutZ=130.352142
HouseName=[BD]roll's_House
HouseOwner=[BD]roll
HousePassword=31719617
HouseCreator=LOD
HouseValue=14481507
HouseStorage=0
SpawnOutX=-1105.375732
SpawnOutY=-1195.710937
SpawnOutZ=130.352142
SpawnOutAngle=452.000000
SpawnWorld=0
SpawnInterior=0
HouseInterior=10
HouseInteriorValue=25000000
HouseInteriorName=Medium Mansion
