CPOutX=-1102.917968
CPOutY=-1171.368286
CPOutZ=130.352218
HouseName=íå ïîäõàäè ñîáàêà
HouseOwner=[Killers]_Ruslan
HousePassword=126222765
HouseCreator=LOD
HouseValue=19227092
HouseStorage=0
SpawnOutX=-1105.413452
SpawnOutY=-1171.218261
SpawnOutZ=130.352218
SpawnOutAngle=447.000000
SpawnWorld=0
SpawnInterior=0
HouseInterior=7
HouseInteriorValue=5000000
HouseInteriorName=Medium Mansion
