CPOutX=-1102.961181
CPOutY=-1159.242553
CPOutZ=130.352157
HouseName=NaVi House
HouseOwner=[NaVi]Viper_SrT
HousePassword=34144465
HouseCreator=LOD
HouseValue=19227087
HouseStorage=0
SpawnOutX=-1105.459350
SpawnOutY=-1159.338500
SpawnOutZ=130.352157
SpawnOutAngle=452.000000
SpawnWorld=0
SpawnInterior=0
HouseInterior=10
HouseInteriorValue=25000000
HouseInteriorName=Madd Dogg's Mansion
