CPOutX=-1110.662475
CPOutY=-1220.003906
CPOutZ=129.589691
HouseName=roll's_House
HouseOwner=roll
HousePassword=32374981
HouseCreator=LOD
HouseValue=7240749
HouseStorage=0
SpawnOutX=-1110.761596
SpawnOutY=-1217.505859
SpawnOutZ=129.589691
SpawnOutAngle=362.000000
SpawnWorld=0
SpawnInterior=0
HouseInterior=10
HouseInteriorValue=25000000
HouseInteriorName=Hotel Room 2
QuitInHouse=0
