CPOutX=1122.709716
CPOutY=-2037.041015
CPOutZ=69.894248
HouseName=Ñàìûé ãëàâíûé äîì
HouseOwner=vlad1303
HousePassword=691013724
HouseCreator=LOD
HouseValue=14062500
HouseStorage=24888888
SpawnOutX=1125.209350
SpawnOutY=-2037.081542
SpawnOutZ=69.894248
SpawnOutAngle=269.000000
SpawnWorld=0
SpawnInterior=0
HouseInterior=10
HouseInteriorValue=25000000
HouseInteriorName=Mad Dogg's Mansion
QuitInHouse=0
