CPOutX=-1289.203002
CPOutY=-180.519027
CPOutZ=14.186874
HouseName=ñàøà
HouseOwner=Fedotov_1997
HousePassword=244384894
HouseCreator=LOD
HouseValue=17771445
HouseStorage=2500000
SpawnOutX=-1290.822753
SpawnOutY=-182.423324
SpawnOutZ=14.186874
SpawnOutAngle=500.000000
SpawnWorld=0
SpawnInterior=0
HouseInterior=7
HouseInteriorValue=5000000
HouseInteriorName=Huge Mansion
QuitInHouse=0
