CPOutX=2495.275390
CPOutY=-1691.132812
CPOutZ=14.765625
HouseName=Real Hous Men
HouseOwner=[UDT]MasteR_G
HousePassword=180879861
HouseCreator=LOD
HouseValue=31181687
HouseStorage=0
SpawnOutX=2495.222900
SpawnOutY=-1688.633300
SpawnOutZ=14.765625
SpawnOutAngle=361.000000
SpawnWorld=0
SpawnInterior=0
HouseInterior=7
HouseInteriorValue=5000000
HouseInteriorName=Medium Mansion
QuitInHouse=0
