CPOutX=2524.706054
CPOutY=-1658.737915
CPOutZ=15.824020
HouseName=Brain_Erlspilner's House
HouseOwner=Brain_Erlspilner
HousePassword=144573042
HouseCreator=LOD
HouseValue=13745812
HouseStorage=1159
SpawnOutX=2522.223388
SpawnOutY=-1659.031494
SpawnOutZ=15.824020
SpawnOutAngle=457.000000
SpawnWorld=0
SpawnInterior=0
HouseInterior=5
HouseInteriorValue=2500000
HouseInteriorName=Gang House
