CPOutX=2513.844482
CPOutY=-1650.374023
CPOutZ=14.355666
HouseName=FF_safka's House
HouseOwner=FF_safka
HousePassword=630785388
HouseCreator=LOD
HouseValue=14639291
HouseStorage=500000
SpawnOutX=2512.247558
SpawnOutY=-1652.297485
SpawnOutZ=14.355666
SpawnOutAngle=500.000000
SpawnWorld=0
SpawnInterior=0
HouseInterior=0
HouseInteriorValue=3000000
HouseInteriorName=Default House
