CPOutX=2498.575927
CPOutY=-1642.257934
CPOutZ=14.113082
HouseName=Âàëè îò äîìà!
HouseOwner=[Killers]_Pashok
HousePassword=127926705
HouseCreator=LOD
HouseValue=11026053
HouseStorage=0
SpawnOutX=2498.661865
SpawnOutY=-1644.756469
SpawnOutZ=14.113082
SpawnOutAngle=182.000000
SpawnWorld=0
SpawnInterior=0
HouseInterior=8
HouseInteriorValue=7500000
HouseInteriorName=Rich Mansion
