CPOutX=2469.635986
CPOutY=-1646.347534
CPOutZ=13.780097
HouseName=Èäèòå íà õóé îò ìîåãî äîìà áëÿòü!
HouseOwner=[Killers]_Doker
HousePassword=35324122
HouseCreator=LOD
HouseValue=15590847
HouseStorage=10000000
SpawnOutX=2469.612792
SpawnOutY=-1648.847412
SpawnOutZ=13.780097
SpawnOutAngle=539.000000
SpawnWorld=0
SpawnInterior=0
HouseInterior=5
HouseInteriorValue=2500000
HouseInteriorName=Gang House
