CPOutX=2459.404541
CPOutY=-1691.441406
CPOutZ=13.546390
HouseName=FF_Never1997's House
HouseOwner=FF_Never1997
HousePassword=630785388
HouseCreator=LOD
HouseValue=15590843
HouseStorage=0
SpawnOutX=2459.557128
SpawnOutY=-1688.946044
SpawnOutZ=13.546390
SpawnOutAngle=357.000000
SpawnWorld=0
SpawnInterior=0
HouseInterior=10
HouseInteriorValue=25000000
HouseInteriorName=Gang House
