CPOutX=2452.074951
CPOutY=-1641.409179
CPOutZ=14.066207
HouseName=õàòà ìîÿ)
HouseOwner=[FD]_Vitya
HousePassword=134873597
HouseCreator=LOD
HouseValue=11742750
HouseStorage=16000000
SpawnOutX=2452.216552
SpawnOutY=-1643.905151
SpawnOutZ=14.066207
SpawnOutAngle=183.000000
SpawnWorld=0
SpawnInterior=0
HouseInterior=8
HouseInteriorValue=7500000
HouseInteriorName=Rich Mansion
QuitInHouse=0
