CPOutX=-1268.043579
CPOutY=-201.631423
CPOutZ=14.186874
HouseName=RUSSKIY's House
HouseOwner=RUSSKIY
HousePassword=1475086349
HouseCreator=LOD
HouseValue=25342529
HouseStorage=20000000
SpawnOutX=-1269.880249
SpawnOutY=-203.327545
SpawnOutZ=14.186874
SpawnOutAngle=493.000000
SpawnWorld=0
SpawnInterior=0
HouseInterior=10
HouseInteriorValue=25000000
HouseInteriorName=Madd Dogg's Mansion
QuitInHouse=0
