CPOutX=2413.801757
CPOutY=-1646.888061
CPOutZ=14.011916
HouseName=Äîì 
HouseOwner=[killers]_kiler
HousePassword=53346567
HouseCreator=LOD
HouseValue=15590847
HouseStorage=22715304
SpawnOutX=2413.615478
SpawnOutY=-1649.381103
SpawnOutZ=14.011916
SpawnOutAngle=536.000000
SpawnWorld=0
SpawnInterior=0
HouseInterior=5
HouseInteriorValue=2500000
HouseInteriorName=Gang House
QuitInHouse=0
