CPOutX=2362.749023
CPOutY=-1643.147949
CPOutZ=14.351562
HouseName=Íÿøíûé ^_^
HouseOwner=[Killers]_DP_LeGO
HousePassword=186778126
HouseCreator=LOD
HouseValue=15590845
HouseStorage=24000000
SpawnOutX=2362.644775
SpawnOutY=-1645.645751
SpawnOutZ=14.351562
SpawnOutAngle=538.000000
SpawnWorld=0
SpawnInterior=0
HouseInterior=9
HouseInteriorValue=10000000
HouseInteriorName=Gang House
QuitInHouse=0
