CPOutX=2368.367187
CPOutY=-1675.344482
CPOutZ=14.168166
HouseName=...:::Big House:::...
HouseOwner=Artem_Rickov
HousePassword=49217786
HouseCreator=LOD
HouseValue=11742750
HouseStorage=2010000
SpawnOutX=2368.369384
SpawnOutY=-1672.844482
SpawnOutZ=14.168166
SpawnOutAngle=360.000000
SpawnWorld=0
SpawnInterior=0
HouseInterior=5
HouseInteriorValue=2500000
HouseInteriorName=Gang House
QuitInHouse=0
