CPOutX=2308.838134
CPOutY=-1714.331176
CPOutZ=14.980066
HouseName=NaImAn
HouseOwner=[Bro]MaGa
HousePassword=125567401
HouseCreator=LOD
HouseValue=11524923
HouseStorage=0
SpawnOutX=2309.006103
SpawnOutY=-1716.825561
SpawnOutZ=14.980066
SpawnOutAngle=184.000000
SpawnWorld=0
SpawnInterior=0
HouseInterior=5
HouseInteriorValue=2500000
HouseInteriorName=Gang House
