CPOutX=2402.461425
CPOutY=-1713.005859
CPOutZ=14.132812
HouseName=ýé âàðàòîê
HouseOwner=[BD]huk
HousePassword=196084458
HouseCreator=LOD
HouseValue=15590844
HouseStorage=0
SpawnOutX=2402.369873
SpawnOutY=-1715.504150
SpawnOutZ=14.132812
SpawnOutAngle=538.000000
SpawnWorld=0
SpawnInterior=0
HouseInterior=5
HouseInteriorValue=2500000
HouseInteriorName=Gang House
