CPOutX=-1225.570312
CPOutY=-244.049392
CPOutZ=14.186874
HouseName=[RP]Paradise 217.199.219.208:7797
HouseOwner=John_Tenpenny
HousePassword=67764519
HouseCreator=LOD
HouseValue=32054817
HouseStorage=0
SpawnOutX=-1227.378906
SpawnOutY=-245.775421
SpawnOutZ=14.186874
SpawnOutAngle=494.000000
SpawnWorld=0
SpawnInterior=0
HouseInterior=10
HouseInteriorValue=25000000
HouseInteriorName=Huge Mansion
