CPOutX=1490.335449
CPOutY=-1772.296875
CPOutZ=18.795755
HouseName=Ñàìûé ÎÕÐÈÍÈÒÅËÜÍÛÉ ÄÎÌ!!
HouseOwner=Marsel73_
HousePassword=189989837
HouseCreator=LOD
HouseValue=24767344
HouseStorage=24888888
SpawnOutX=1490.148803
SpawnOutY=-1769.803833
SpawnOutZ=18.795755
SpawnOutAngle=364.000000
SpawnWorld=0
SpawnInterior=0
HouseInterior=10
HouseInteriorValue=25000000
HouseInteriorName=Madd Dogg's Mansion
QuitInHouse=0
