CPOutX=1475.800415
CPOutY=-1772.311889
CPOutZ=18.795755
HouseName=sai's House
HouseOwner=sai
HousePassword=49479931
HouseCreator=LOD
HouseValue=18575506
HouseStorage=0
SpawnOutX=1476.036987
SpawnOutY=-1769.823120
SpawnOutZ=18.795755
SpawnOutAngle=355.000000
SpawnWorld=0
SpawnInterior=0
HouseInterior=10
HouseInteriorValue=25000000
HouseInteriorName=Rich Mansion
