CPOutX=1555.490478
CPOutY=-1675.533691
CPOutZ=16.195312
HouseName=[LG]_Diman's House
HouseOwner=[LG]_Diman
HousePassword=73924928
HouseCreator=LOD
HouseValue=21894743
HouseStorage=0
SpawnOutX=1552.991821
SpawnOutY=-1675.451049
SpawnOutZ=16.195312
SpawnOutAngle=448.000000
SpawnWorld=0
SpawnInterior=0
HouseInterior=10
HouseInteriorValue=25000000
HouseInteriorName=Huge Mansion
