CPOutX=1545.583740
CPOutY=-1631.627685
CPOutZ=13.382812
HouseName=Pendos's House
HouseOwner=Pendos
HousePassword=267846344
HouseCreator=LOD
HouseValue=659628
HouseStorage=0
SpawnOutX=1548.083618
SpawnOutY=-1631.656250
SpawnOutZ=13.382812
SpawnOutAngle=269.000000
SpawnWorld=0
SpawnInterior=0
HouseInterior=10
HouseInteriorValue=25000000
HouseInteriorName=Shitty Shack
