CPOutX=-1191.739379
CPOutY=-209.600036
CPOutZ=14.186874
HouseName=Çàéäåøü-ÄÄ íà âûëåò íàéäåøü!
HouseOwner=Forsage.XuligaN.eDF
HousePassword=305726393
HouseCreator=LOD
HouseValue=32054807
HouseStorage=62725
SpawnOutX=-1193.566650
SpawnOutY=-211.306167
SpawnOutZ=14.186874
SpawnOutAngle=493.000000
SpawnWorld=0
SpawnInterior=0
HouseInterior=9
HouseInteriorValue=10000000
HouseInteriorName=Huge Mansion
