CPOutX=833.621459
CPOutY=-1368.310791
CPOutZ=-0.501461
HouseName=2038
HouseOwner=Mark_Schagalins
HousePassword=178258416
HouseCreator=LOD
HouseValue=1197764
HouseStorage=0
SpawnOutX=831.984985
SpawnOutY=-1370.200805
SpawnOutZ=-0.501461
SpawnOutAngle=499.000000
SpawnWorld=0
SpawnInterior=0
HouseInterior=3
HouseInteriorValue=1500000
HouseInteriorName=Shitty Shack
