CPOutX=811.560485
CPOutY=-1348.830688
CPOutZ=-0.507812
HouseName=Pavel_Solovey's House
HouseOwner=Pavel_Solovey
HousePassword=32768201
HouseCreator=LOD
HouseValue=1197764
HouseStorage=870000
SpawnOutX=809.945190
SpawnOutY=-1350.738769
SpawnOutZ=-0.507812
SpawnOutAngle=500.000000
SpawnWorld=0
SpawnInterior=0
HouseInterior=0
HouseInteriorValue=3000000
HouseInteriorName=Shitty Shack
