CPOutX=1025.143432
CPOutY=-1120.619995
CPOutZ=23.876838
HouseName=xFallenSKYzx's House
HouseOwner=xFallenSKYzx
HousePassword=35520733
HouseCreator=LOD
HouseValue=19915500
HouseStorage=0
SpawnOutX=1026.322509
SpawnOutY=-1122.824462
SpawnOutZ=23.876838
SpawnOutAngle=208.000000
SpawnWorld=0
SpawnInterior=0
HouseInterior=10
HouseInteriorValue=25000000
HouseInteriorName=Huge Mansion
