CPOutX=-1213.076293
CPOutY=-188.164947
CPOutZ=14.186874
HouseName=Ìîé ÄÎÌ
HouseOwner=[BloodyDrift]JTF
HousePassword=348914511
HouseCreator=LOD
HouseValue=16237177
HouseStorage=18667468
SpawnOutX=-1214.875366
SpawnOutY=-189.900833
SpawnOutZ=14.186874
SpawnOutAngle=494.000000
SpawnWorld=0
SpawnInterior=0
HouseInterior=10
HouseInteriorValue=25000000
HouseInteriorName=Medium Mansion
