CPOutX=2019.321289
CPOutY=1007.860778
CPOutZ=10.820312
HouseName=íå çàéòè ÷òîëè?
HouseOwner=vano29RUS
HousePassword=34013392
HouseCreator=LOD
HouseValue=11232422
HouseStorage=0
SpawnOutX=2021.815307
SpawnOutY=1008.033935
SpawnOutZ=10.820312
SpawnOutAngle=274.000000
SpawnWorld=0
SpawnInterior=0
HouseInterior=10
HouseInteriorValue=25000000
HouseInteriorName=Mad Dogg's Mansion
QuitInHouse=0
