CPOutX=2186.886474
CPOutY=1113.297241
CPOutZ=12.648437
HouseName=Èâàí õàóñ
HouseOwner=Ivan2014
HousePassword=33030345
HouseCreator=LOD
HouseValue=27879444
HouseStorage=0
SpawnOutX=2184.592285
SpawnOutY=1114.290405
SpawnOutZ=12.648437
SpawnOutAngle=427.000000
SpawnWorld=0
SpawnInterior=0
HouseInterior=10
HouseInteriorValue=25000000
HouseInteriorName=Mad Dogg's Mansion
