CPOutX=2239.041992
CPOutY=1285.738769
CPOutZ=10.820312
HouseName=aPilligrim's House
HouseOwner=aPilligrim
HousePassword=386860479
HouseCreator=LOD
HouseValue=19968750
HouseStorage=0
SpawnOutX=2236.543701
SpawnOutY=1285.644775
SpawnOutZ=10.820312
SpawnOutAngle=452.000000
SpawnWorld=0
SpawnInterior=0
HouseInterior=10
HouseInteriorValue=25000000
HouseInteriorName=Mad Dogg's Mansion
QuitInHouse=0
