CPOutX=-1234.017944
CPOutY=-167.264343
CPOutZ=14.186874
HouseName=Alex_Musin's House
HouseOwner=Alex_Musin
HousePassword=117899669
HouseCreator=LOD
HouseValue=25342525
HouseStorage=24000000
SpawnOutX=-1235.616821
SpawnOutY=-169.186233
SpawnOutZ=14.186874
SpawnOutAngle=500.000000
SpawnWorld=0
SpawnInterior=0
HouseInterior=7
HouseInteriorValue=5000000
HouseInteriorName=Madd Dogg's Mansion
