CPOutX=2290.148681
CPOutY=2432.085449
CPOutZ=10.820312
HouseName=[POLICE]_danya87's House
HouseOwner=[POLICE]_danya87
HousePassword=33292491
HouseCreator=LOD
HouseValue=26288951
HouseStorage=0
SpawnOutX=2290.549316
SpawnOutY=2429.617675
SpawnOutZ=10.820312
SpawnOutAngle=189.000000
SpawnWorld=0
SpawnInterior=0
HouseInterior=10
HouseInteriorValue=25000000
HouseInteriorName=Mad Dogg's Mansion
