CPOutX=2127.497802
CPOutY=2380.093017
CPOutZ=10.820312
HouseName=Äîì Firaldo
HouseOwner=Firaldo
HousePassword=33292491
HouseCreator=LOD
HouseValue=26400494
HouseStorage=0
SpawnOutX=2127.492187
SpawnOutY=2377.593017
SpawnOutZ=10.820312
SpawnOutAngle=540.000000
SpawnWorld=0
SpawnInterior=0
HouseInterior=10
HouseInteriorValue=25000000
HouseInteriorName=Mad Dogg's Mansion
