CPOutX=1965.054687
CPOutY=1623.291259
CPOutZ=12.861571
HouseName=Muslim_Magamaev's House
HouseOwner=Muslim_Magamaev
HousePassword=67240228
HouseCreator=LOD
HouseValue=25000000
HouseStorage=0
SpawnOutX=1967.540161
SpawnOutY=1623.560913
SpawnOutZ=12.861571
SpawnOutAngle=276.000000
SpawnWorld=0
SpawnInterior=0
HouseInterior=10
HouseInteriorValue=25000000
HouseInteriorName=Mad Dogg's Mansion
