CPOutX=1298.617187
CPOutY=-797.987548
CPOutZ=84.140625
HouseName=Stepka_Lebedev's House
HouseOwner=Stepka_Lebedev
HousePassword=53608724
HouseCreator=LOD
HouseValue=18750000
HouseStorage=24000000
SpawnOutX=1298.693847
SpawnOutY=-800.486389
SpawnOutZ=84.140625
SpawnOutAngle=182.000000
SpawnWorld=0
SpawnInterior=0
HouseInterior=10
HouseInteriorValue=25000000
HouseInteriorName=Mad Dogg's Mansion
QuitInHouse=0
