CPOutX=-2521.274658
CPOutY=-624.950195
CPOutZ=132.783584
HouseName=FF_Hun's House
HouseOwner=FF_Hun
HousePassword=349570012
HouseCreator=LOD
HouseValue=15000000
HouseStorage=20000000
SpawnOutX=-2521.404541
SpawnOutY=-622.453552
SpawnOutZ=132.783584
SpawnOutAngle=363.000000
SpawnWorld=0
SpawnInterior=0
HouseInterior=8
HouseInteriorValue=7500000
HouseInteriorName=Madd Dogg's Mansion
QuitInHouse=0
