CPOutX=1456.132080
CPOutY=2773.275390
CPOutZ=10.820312
HouseName=äîì  êëàíà ÌÌ
HouseOwner=MM_danya87
HousePassword=371524570
HouseCreator=LOD
HouseValue=25000000
HouseStorage=0
SpawnOutX=1458.629394
SpawnOutY=2773.160400
SpawnOutZ=10.820312
SpawnOutAngle=267.000000
SpawnWorld=0
SpawnInterior=0
HouseInterior=10
HouseInteriorValue=25000000
HouseInteriorName=Mad Dogg's Mansion
