CPOutX=-1056.822753
CPOutY=-294.272094
CPOutZ=14.072812
HouseName=vit_[MT]'s House
HouseOwner=vit_[MT]
HousePassword=184484351
HouseCreator=LOD
HouseValue = 25775379
HouseStorage=0
SpawnOutX=-1056.898071
SpawnOutY=-296.770965
SpawnOutZ=14.072812
SpawnOutAngle=538.000000
SpawnWorld=0
SpawnInterior=0
HouseInterior=9
HouseInteriorValue=10000000
HouseInteriorName=Huge Mansion
HouseValue=0
