CPOutX=758.384582
CPOutY=-2837.380371
CPOutZ=13.682821
HouseName=Äîìèê_Íÿøíûé ^_^
HouseOwner=dp.LeGO
HousePassword=186778126
HouseCreator=LOD
HouseValue=15000000
HouseStorage=0
SpawnOutX=755.885375
SpawnOutY=-2837.444335
SpawnOutZ=13.682821
SpawnOutAngle=451.000000
SpawnWorld=0
SpawnInterior=0
HouseInterior=10
HouseInteriorValue=25000000
HouseInteriorName=Mad Dogg's Mansion
