CPOutX=-1579.776611
CPOutY=-197.286560
CPOutZ=14.170312
HouseName=DeN_Kimura's House
HouseOwner=DeN_Kimura
HousePassword=76677454
HouseCreator=LOD
HouseValue=34356523
HouseStorage=0
SpawnOutX=-1578.092407
SpawnOutY=-199.134124
SpawnOutZ=14.170312
SpawnOutAngle=222.000000
SpawnWorld=0
SpawnInterior=0
HouseInterior=10
HouseInteriorValue=25000000
HouseInteriorName=Gang House
