CPOutX=-1082.564819
CPOutY=-368.497619
CPOutZ=14.072812
HouseName=Ryzon's House
HouseOwner=Ryzon
HousePassword=148243077
HouseCreator=LOD
HouseValue = 13846276
HouseStorage=0
SpawnOutX=-1082.742797
SpawnOutY=-366.003967
SpawnOutZ=14.072812
SpawnOutAngle=364.000000
SpawnWorld=0
SpawnInterior=0
HouseInterior=9
HouseInteriorValue=10000000
HouseInteriorName=Huge Mansion
HouseValue=0
