CPOutX=-1112.461303
CPOutY=-368.547821
CPOutZ=14.072812
HouseName=Vlad_Dofg's House
HouseOwner=Vlad_Dofg
HousePassword=35258583
HouseCreator=LOD
HouseValue = 25994568
HouseStorage=510000
SpawnOutX=-1112.625610
SpawnOutY=-366.053222
SpawnOutZ=14.072812
SpawnOutAngle=364.000000
SpawnWorld=0
SpawnInterior=0
HouseInterior=9
HouseInteriorValue=10000000
HouseInteriorName=Huge Mansion
HouseValue=0
