CPOutX=-1605.553344
CPOutY=710.450866
CPOutZ=13.867187
HouseName=$Hucker's House
HouseOwner=$Hucker
HousePassword=73728323
HouseCreator=LOD
HouseValue=26625000
HouseStorage=0
SpawnOutX=-1605.580078
SpawnOutY=712.950744
SpawnOutZ=13.867187
SpawnOutAngle=361.000000
SpawnWorld=0
SpawnInterior=0
HouseInterior=10
HouseInteriorValue=25000000
HouseInteriorName=Mad Dogg's Mansion
QuitInHouse=0
