CPOutX=-1617.471557
CPOutY=1122.751586
CPOutZ=7.187500
HouseName=bordel
HouseOwner=HACHLOVKACH
HousePassword=34341078
HouseCreator=LOD
HouseValue=1658660
HouseStorage=500000
SpawnOutX=-1614.978759
SpawnOutY=1122.561523
SpawnOutZ=7.187500
SpawnOutAngle=266.000000
SpawnWorld=0
SpawnInterior=0
HouseInterior=1
HouseInteriorValue=100000
HouseInteriorName=Shitty Shack
QuitInHouse=0
