CPOutX=-1530.603881
CPOutY=-195.309082
CPOutZ=14.196874
HouseName=Devil_Hunter's House
HouseOwner=Devil_Hunter
HousePassword=37355747
HouseCreator=LOD
HouseValue=60563242
HouseStorage=0
SpawnOutX=-1532.571166
SpawnOutY=-193.766372
SpawnOutZ=14.196874
SpawnOutAngle=412.000000
SpawnWorld=0
SpawnInterior=0
HouseInterior=10
HouseInteriorValue=25000000
HouseInteriorName=Medium Mansion
