CPOutX=-1553.687255
CPOutY=-171.477554
CPOutZ=14.170312
HouseName=vk.com's House
HouseOwner=vk.com
HousePassword=436667380
HouseCreator=LOD
HouseValue=45615155
HouseStorage=0
SpawnOutX=-1551.953247
SpawnOutY=-173.278396
SpawnOutZ=14.170312
SpawnOutAngle=224.000000
SpawnWorld=0
SpawnInterior=0
HouseInterior=8
HouseInteriorValue=7500000
HouseInteriorName=Medium Mansion
