CPOutX=-1581.019409
CPOutY=902.356994
CPOutZ=7.695312
HouseName=Denis_Kuz
HouseOwner=Denis_Kuzm
HousePassword=296092561
HouseCreator=LOD
HouseValue=26067279
HouseStorage=10000000
SpawnOutX=-1580.907348
SpawnOutY=904.854492
SpawnOutZ=7.695312
SpawnOutAngle=357.000000
SpawnWorld=0
SpawnInterior=0
HouseInterior=10
HouseInteriorValue=25000000
HouseInteriorName=Mad Dogg's Mansion
