CPOutX=-1511.066894
CPOutY=-175.803695
CPOutZ=14.196874
HouseName=djpav777
HouseOwner=pf_fedotov
HousePassword=217973373
HouseCreator=LOD
HouseValue=41077486
HouseStorage=738010
SpawnOutX=-1512.964721
SpawnOutY=-174.176422
SpawnOutZ=14.196874
SpawnOutAngle=409.000000
SpawnWorld=0
SpawnInterior=0
HouseInterior=10
HouseInteriorValue=25000000
HouseInteriorName=Medium Mansion
QuitInHouse=0
