CPOutX=-1540.842407
CPOutY=-158.501541
CPOutZ=14.170312
HouseName=Never1997's House
HouseOwner=Never1997
HousePassword=35389659
HouseCreator=LOD
HouseValue=54538578
HouseStorage=0
SpawnOutX=-1539.138061
SpawnOutY=-160.330581
SpawnOutZ=14.170312
SpawnOutAngle=223.000000
SpawnWorld=0
SpawnInterior=0
HouseInterior=8
HouseInteriorValue=7500000
HouseInteriorName=Shitty Shack
QuitInHouse=0
